40 50
2 7 1 2 10 1 1 1 1 8 1 
2 1 14 1 2 3 8 3 1 4 
4 14 5 1 12 7 
13 8 8 10 4 1 
4 10 9 14 6 
4 10 25 7 
4 4 30 1 2 3 
3 1 3 13 14 10 
9 5 6 19 2 
6 9 1 2 28 
3 11 1 5 1 11 4 2 3 
10 7 1 4 1 8 6 1 3 
9 1 1 2 1 16 3 1 2 2 
11 4 3 1 2 10 3 6 
5 8 3 9 5 11 
17 12 5 10 
37 7 2 
11 11 10 12 
21 28 
12 1 13 2 17 
15 2 1 2 4 4 7 6 
6 1 10 3 1 5 14 
13 21 13 
2 5 7 1 1 14 2 8 
13 2 4 6 1 3 3 9 
16 13 7 4 5 
3 1 6 2 21 4 6 
4 3 1 4 15 2 11 
10 11 9 2 4 1 4 
9 11 5 1 4 10 
14 7 14 4 4 
18 19 3 2 4 
4 3 11 6 1 5 7 1 2 
6 12 9 2 2 8 4 
7 5 4 4 6 3 10 1 
1 3 3 5 7 23 
2 8 3 8 16 4 1 1 
3 17 12 3 1 6 
2 8 2 1 5 16 3 3 
3 13 1 4 3 9 4 4 
1 1 2 5 4 6 2 2 1 
8 6 13 4 5 
22 11 3 
5 2 15 10 
2 3 19 12 
1 2 19 4 7 
4 2 1 4 11 5 2 4 
14 6 11 6 
23 16 
12 8 5 6 5 
6 3 9 5 4 1 4 
7 3 3 10 6 3 
8 4 5 7 8 1 
7 3 9 1 1 2 8 1 
3 4 10 10 9 
10 9 9 5 3 
4 3 2 1 8 3 3 2 1 
4 5 2 11 1 11 
9 1 6 2 3 3 6 1 
2 12 23 
1 5 2 2 4 2 9 6 
9 4 3 1 2 9 2 2 
1 11 18 7 
3 6 6 22 
7 5 6 7 1 4 1 
1 8 9 7 9 
2 31 5 
3 3 2 1 7 18 
1 16 4 15 
17 11 6 
24 8 5 
13 4 5 3 2 7 
3 36 
14 5 7 3 5 
17 2 2 2 8 2 
11 8 3 8 2 
11 10 9 3 2 
9 3 17 1 5 
1 11 1 7 1 1 8 
7 4 2 7 3 9 
23 12 1 
6 5 23 1 1 
1 1 4 1 6 10 5 1 
1 1 1 3 1 12 1 8 2 
25 4 9 
1 9 15 1 5 
5 3 1 3 19 1 1 
7 8 14 7 
3 13 16 3 
10 3 1 2 11 4 
