30 40
1 2 5 4 2 12 1 4 
6 5 2 1 2 1 1 1 4 2 2 
1 2 1 1 1 1 2 2 1 5 4 3 
3 1 3 4 2 1 2 2 1 3 1 
2 1 2 3 3 2 1 6 6 
4 1 8 1 2 4 1 1 4 
2 1 3 4 1 1 2 1 1 6 1 1 
2 1 3 2 1 5 2 2 4 3 
1 1 7 3 2 1 2 9 
3 1 3 2 1 8 7 6 
2 12 1 2 1 4 4 3 
4 6 2 1 2 1 2 4 
1 2 3 12 2 6 2 
7 2 3 4 1 1 5 2 4 
3 2 3 6 1 4 4 1 2 1 1 1 
8 8 1 4 2 1 2 1 
3 13 1 3 2 2 2 3 
3 5 3 3 9 9 
3 1 2 1 6 3 1 3 1 1 2 5 
4 1 1 2 1 4 3 1 1 1 
1 6 3 1 2 2 19 
2 2 2 1 3 5 2 3 1 3 
9 7 1 7 1 8 
5 3 1 2 1 4 6 7 
3 2 2 1 4 2 4 1 1 5 
3 2 3 1 2 5 1 2 5 1 2 
6 3 1 3 2 2 1 2 2 3 1 
5 2 2 2 3 9 8 
2 1 3 1 1 4 1 1 4 6 3 
1 4 13 3 6 3 
1 3 3 1 2 3 3 6 
2 2 2 6 8 
2 1 1 1 8 1 6 1 
3 2 1 1 1 1 1 4 4 
3 2 2 15 1 
2 1 10 2 5 2 
5 1 1 2 8 1 
2 4 3 15 
1 2 7 4 6 
2 2 8 1 3 1 2 1 
5 2 4 3 3 1 2 
2 4 4 7 2 2 1 
4 14 2 3 
2 1 4 7 6 2 1 
1 2 2 8 3 1 1 
2 1 2 3 5 1 1 6 
4 2 2 15 3 
1 2 3 2 1 1 1 1 2 
1 4 1 3 1 2 6 
4 4 2 9 1 1 1 
1 6 1 1 3 1 1 1 3 
2 5 1 2 1 2 2 5 1 
2 2 4 17 
1 1 1 1 2 4 3 1 
2 2 2 2 1 1 2 1 6 1 
1 2 6 5 5 3 
3 2 2 1 1 3 6 3 
1 1 2 1 2 3 1 10 
3 4 1 4 3 1 3 
1 1 1 1 5 3 2 3 1 
2 1 1 3 3 2 3 1 3 
2 2 8 2 1 1 2 2 
2 4 3 5 1 8 
3 4 3 7 1 3 
1 4 3 2 1 1 5 4 
4 2 2 2 10 
2 2 3 1 1 2 1 3 2 
1 1 11 5 4 3 
6 7 1 1 1 1 6 
3 3 2 4 3 1 3 
