40 30
4 1 2 1 3 1 4 2 
3 2 1 2 1 2 2 2 2 1 
2 9 3 2 1 1 5 
1 6 6 1 3 5 
5 1 1 1 1 3 3 2 3 
4 6 2 6 3 2 
3 1 3 2 3 1 2 
1 3 11 2 6 
4 5 4 5 1 1 
6 1 3 1 4 1 2 1 2 
4 4 1 1 1 3 2 4 1 
2 7 8 2 2 
1 3 3 2 2 4 1 4 
2 1 12 11 
1 2 5 1 4 1 1 2 1 
4 1 1 1 1 2 3 1 1 
5 1 9 2 1 5 
5 2 1 1 3 4 1 2 
2 1 4 1 2 4 6 1 
6 1 1 5 3 2 2 1 
2 5 2 1 2 3 2 
3 1 1 1 6 2 3 1 3 
1 1 10 1 1 2 1 2 1 
4 5 4 2 1 2 1 
2 6 3 1 3 1 3 
6 9 6 4 
3 1 5 5 1 7 
2 5 2 1 1 2 1 
1 4 1 6 2 1 1 2 1 
3 6 2 2 4 1 2 2 
1 7 3 2 1 3 3 
2 2 3 3 1 4 4 2 
1 7 6 8 
2 4 2 4 2 3 1 
3 2 1 3 12 2 
1 1 2 2 2 7 2 1 1 
7 1 2 1 8 
3 4 1 1 7 1 4 
2 1 4 3 4 4 
4 13 4 1 2 
5 5 2 3 4 2 1 1 1 2 
3 3 4 1 6 1 15 
2 7 1 4 1 6 1 2 2 1 
1 10 8 3 1 3 2 1 
5 1 1 2 3 4 2 7 2 1 
3 4 2 3 4 4 6 
1 2 4 5 15 2 4 
5 5 3 2 1 3 2 6 2 1 
2 4 5 2 12 1 2 
3 6 4 1 1 6 4 2 3 
3 5 2 8 3 1 2 2 
4 1 3 2 1 2 1 4 2 2 
2 1 2 3 3 2 2 4 3 1 
12 2 9 1 2 2 1 
4 4 1 2 1 1 1 4 2 2 2 1 
5 5 2 1 1 3 13 1 
1 2 2 1 4 5 5 1 4 3 
1 3 14 1 2 5 3 
3 2 3 2 1 3 3 2 2 3 
1 1 2 2 1 4 2 5 9 1 
6 3 3 4 2 2 5 2 
4 1 4 2 3 1 2 2 
1 1 1 4 4 2 3 2 5 1 1 2 
5 3 1 5 1 3 3 6 
1 4 1 4 2 1 1 1 3 3 1 
1 2 3 1 2 3 3 5 3 2 
4 1 4 2 2 2 5 1 3 4 
4 1 4 6 3 1 1 7 
1 4 1 7 2 3 4 4 
6 3 2 1 2 3 2 5 2 2 
