40 30
1 1 3 5 2 1 3 6 
6 22 
7 13 2 3 
30 
2 10 15 
2 8 4 1 9 
3 2 1 3 4 6 1 
7 2 1 17 
22 7 
10 1 14 2 
2 6 4 5 1 6 
3 7 6 3 4 
2 20 5 
3 10 1 9 3 
12 2 12 
15 2 6 4 
5 14 3 3 
5 19 3 
4 8 13 
13 10 3 
3 3 17 2 
9 3 3 3 8 
1 3 4 3 13 
12 17 
2 5 3 3 8 3 
6 2 10 5 2 
5 5 6 6 
3 13 1 4 3 
1 4 14 6 
13 4 11 
29 
1 6 2 9 7 
2 26 
14 1 9 1 
8 3 16 
2 4 3 2 12 
14 1 5 7 
13 6 1 5 
5 3 8 9 
18 11 
2 3 3 1 3 2 1 1 1 1 4 1 2 
5 19 3 8 
4 16 5 3 7 
3 5 8 1 10 4 
17 1 19 
6 10 2 6 10 1 
1 14 8 14 
1 5 14 2 1 11 
1 3 19 4 2 4 
20 2 13 1 
6 1 14 14 
5 4 19 8 
7 1 4 7 10 4 
18 2 2 4 4 5 
3 8 5 6 6 2 2 
6 3 3 19 4 
5 7 8 10 1 3 
4 15 2 8 1 4 
11 3 13 8 
4 21 10 1 
5 33 
10 5 4 3 3 5 2 
2 5 2 14 1 7 3 
1 7 16 8 2 
12 27 
15 1 20 
2 10 5 4 2 12 
6 2 8 1 4 7 6 
11 2 3 21 
6 4 2 1 7 4 3 1 
